02 02 02 02 02 02 02 02 // Provider00
04 04 04 04 04 04 04 04
06 06 06 06 06 06 06 06
08 08 08 08 08 08 08 08
11 22 33 44 55 66 77 88
0C 0C 0C 0C 0C 0C 0C 0C
0E 0E 0E 0E 0E 0E 0E 0E
10 10 10 10 10 10 10 10
12 12 12 12 12 12 12 12 // Provider10
14 14 14 14 14 14 14 14
16 16 16 16 16 16 16 16
18 18 18 18 18 18 18 18
11 22 33 44 55 66 77 88
1C 1C 1C 1C 1C 1C 1C 1C
1E 1E 1E 1E 1E 1E 1E 1E
10 10 10 10 10 10 10 10
22 22 22 22 22 22 22 22 //Provider20
24 24 24 24 24 24 24 24
26 26 26 26 26 26 26 26
28 28 28 28 28 28 28 28
11 22 33 44 55 66 77 88
2C 2C 2C 2C 2C 2C 2C 2C
2E 2E 2E 2E 2E 2E 2E 2E
20 20 20 20 20 20 20 20
32 32 32 32 32 32 34 32 //Provider30
34 34 34 34 34 34 34 34
36 36 36 36 36 36 36 36
38 38 38 38 38 38 38 38
11 22 33 44 55 66 77 88
3C 3C 3C 3C 3C 3C 3C 3C
3E 3E 3E 3E 3E 3E 3E 3E
30 30 30 30 30 30 30 30
